120.825 24.6546
118.573 21.7736
119.893 20.9528
121.132 23.99
120.625 22.5633
120.067 23.704
121.019 24.9913
117.814 21.5938
120.244 23.0097
121.748 24.923
120.651 23.0833
121.2 24.0428
119.118 22.5772
121.62 25.1788
121.007 24.6753
120.785 24.156
120.595 23.48
120.548 20.5232
121.999 24.0467
122.494 22.0226
122.595 24.635
121.502 22.7462
122.638 24.8725
122.384 24.1423
122.38 23.8267
121.395 23.4778
120.857 22.3323
120.589 20.487
122.526 24.3955
122.03 22.9225
122.532 22.9607
122.452 25.3067
108.537 31.1895
108.494 32.178
106.456 31.0897
113.73 29.3383
108.345 29.6682
106.076 27.7125
108.367 33.6275
111.622 27.5547
109.109 25.5862
110.343 32.6018
112.003 31.2755
104.289 29.354
105.932 31.7095
107.31 32.1005
106.78 30.0572
107.365 26.625
110.103 28.0607
111.237 24.9014
112.364 29.9796
108.999 28.7407
116.018 28.5874
105.364 30.2525
114.089 27.012
104.971 28.521
114.026 29.8917
115.071 28
111.585 30.4713
108.023 31.1704
106.522 28.6422
107.477 28.468
104.119 29.5473
105.077 28.2855
106.207 27.5573
110.353 29.104
108.986 28.3255
110.185 28.405
109.985 27.3225
108.886 26.424
108.138 25.545
111.073 27.5625
109.47 25.3245
108.925 24.5335
112.213 28.0993
111.462 27.323
110.907 26.467
110.425 25.5493
109.625 24.4057
109.923 24.058
112.714 27.7518
114.142 27.5913
113.459 27.193
112.669 26.949
112.843 25.6982
111.711 25.5458
111.267 24.381
109.697 32.9782
108.031 32.5294
109.7 31.711
108.743 31.883
112.046 31.7222
111.415 29.6108
112.527 30.779
113.392 30.5875
113.451 29.7677
112.826 28.928
112.689 28.386
112.049 28.8293
112.104 29.9575
114.489 30.0962
114.125 29.254
114.702 28.8015
115.46 29.4935
116.028 29.341
115.534 29.0635
115.676 28.5942
116.399 28.667
117.215 29.0987
106.992 30.3457
106.12 29.7058
106.937 29.4475
108.152 30.2327
109.6 30.4738
104.453 29.1898
106.778 28.483
105.458 27.9537
107.463 33.1412
111.053 31.8402
110.988 32.578
110.895 30.577
111.6 31.232
104.947 28.899
107.31 26.584
108.704 32.8443
110.653 32.0853
110.319 31.1273
107.307 29.217
108.733 29.6408
111.746 29.2922
109.819 32.3473
112.796 24.7085
116.247 24.283
120.853 28.1395
109.78 18.9223
108.014 21.0504
118.151 28.5905
119.576 28.3443
112.845 21.7467
115.116 24.2172
116.072 26.9
117.231 25.4072
121.977 27.9183
117.432 27.0458
116.466 26.0798
117.971 26.5434
115.062 23.1005
113.695 24.2882
110.936 22.3358
112.096 22.3644
113.681 22.6378
109.739 22.538
110.658 18.2313
107.74 17.8204
118.976 24.1249
114.848 20.5446
113.427 21.3387
116.096 21.8288
110.635 21.148
110.286 20.0452
117.563 24.1161
115.88 22.8347
119.11 25.889
112.491 22.36
112.462 21.7205
112.713 22.1845
113.095 21.9657
113.845 23.1225
114.36 23.065
114.307 23.381
115.078 24.0945
115.244 25.0368
115.74 24.265
115.978 24.5875
117.17 27.0035
117.307 25.9102
117.359 26.422
118.558 26.872
118.108 26.0217
117.379 24.999
116.796 24.438
115.686 23.4558
114.297 22.3517
117.091 25.5852
113.721 24.7725
112.885 23.67
114.463 24.7045
113.788 23.8248
111.754 23.6298
114.683 25.5775
108.598 18.7855
109.838 19.245
110.466 19.321
110.123 18.5793
119.357 28.487
120.763 29.3055
120.072 28.5237
119.393 27.6342
121.269 29.089
120.518 27.9447
122.041 28.3648
110.359 23.0922
110.764 22.973
110.836 22.4027
111.627 22.8
111.656 22.2125
111.556 21.5795
109.122 20.0812
109.173 19.7127
109.439 19.8027
109.909 19.7323
110.525 19.785
110.894 19.808
111.646 20.303
112.379 19.5892
115.812 22.9288
116.433 23.1867
118.312 22.8158
117.415 23.9054
118.213 25.1695
119.15 25.2222
119.54 25.8313
119.249 23.451
118.383 24.664
110.185 20.5632
107.903 21.6588
109.977 22.777
107.564 20.1642
108.883 21.416
110.298 22.5358
110.669 21.985
112.49 23.1175
116.265 26.11
118.372 26.5485
117.818 25.5055
116.128 23.8775
115.251 23.0718
114.664 22.8633
114.128 22.5727
114.84 22.6595
106.628 20.1555
108.085 18.7927
108.97 17.3215
107.23 18.6582
107.706 17.4335
110.523 18.2635
111.6 18.989
119.019 27.6597
121.056 26.9635
109.395 21.2045
111.057 21.1728
108.535 20.5662
109.91 20.5575
110.457 20.5757
110.764 19.647
112.681 21.006
113.395 21.3657
115.753 22.4838
116.358 21.918
116.903 21.736
117.885 23.1344
119.174 23.873
119.95 24.5838
118.641 24.8553
120.36 25.597
120.715 25.3762
108.918 22.2558
108.204 20.7937
109.659 22.0227
110.299 21.757
111.878 21.794
113.285 22.89
113.686 22.2225
114.574 23.7717
115.52 24.7075
115.787 25.4075
116.422 24.15
109.543 17.9008
110.228 21.185
109.377 20.4252
109.769 19.9495
110.322 19.678
110.755 20.125
115.018 22.4385
115.458 21.9468
116.268 22.3205
116.678 23.4093
116.946 23.6553
117.969 23.6135
118.009 24.3722
109.472 22.561
110.195 20.0175
110.475 20.135
110.654 19.873
113.037 19.9523
114.571 21.509
110.525 20.0025
114.298 20.1605
114.166 21.8625
117.261 22.4465
117.257 23.1598
119.476 24.7583
118.809 24.0263
105.924 23.1336
107.849 23.7206
104.41 25.9212
103.823 23.3073
105.185 21.4454
105.968 23.0615
106.787 21.9425
104.859 22.8703
104.757 24.87
107.218 25.0892
105.923 21.7822
105.806 25.5473
107.505 24.1875
108.176 24.291
109.343 23.331
105.463 24.6168
107.074 22.6993
106.144 23.4763
107.653 22.1235
103.838 24.3242
104.058 23.579
105.091 23.2865
105.326 26.069
104.473 26.8342
104.155 26.175
104.983 25.6687
108.775 23.1715
108.546 22.4485
105.511 21.1457
106.528 23.9555
108.051 22.8315
107.458 23.2892
104.002 22.3672
106.371 25.0237
123.009 31.6816
120.872 31.3098
118.466 30.0976
122.08 33.6292
124.416 36.4026
121.89 35.2594
121.725 36.1433
117.835 31.0337
119.339 33.8303
124.864 33.217
117.584 30.9838
116.691 30.4022
120.658 32.58
120.856 31.955
119.783 31.9375
120.48 31.299
120.189 31.1318
118.699 30.8983
122.02 30.8355
121.503 31.0192
120.349 30.3765
121.296 29.9702
120.19 33.59
118.574 33.2792
118.927 32.866
120.199 32.8228
118.907 32.1347
118.255 31.786
118.565 31.376
122.927 31.606
119.351 32.3852
121.118 31.4
119.362 31.5255
121.938 30.057
122.606 35.7017
120.144 35.383
120.654 34.9485
121.906 32.9215
122.216 32.6024
121.128 36.1358
122.822 35.218
121.554 35.8445
123.097 36.4513
122.325 36.6375
121.155 33.865
122.192 33.6875
122.666 32.033
121.43 33.365
120.864 36.477
120.145 36.8218
119.345 35.5432
118.503 37.7668
117.809 36.1105
116.627 33.0803
117.587 32.2742
122.288 39.8113
120.883 39.9268
126.109 40.9297
122.953 41.6336
124.793 41.239
123.796 41.7077
123.008 38.1126
120.801 37.7492
120.246 39.2134
121.245 38.552
117.004 34.7148
116.239 30.5292
124.598 39.7528
115.468 31.0829
123.5 38.8713
119.265 38.3606
122.567 37.3095
118.771 35.5916
120.88 36.5592
123.4 39.302
118.673 37.5738
117.948 36.49
118.342 36.09
117.025 35.7085
117.49 34.0673
116.56 34.5612
119.431 36.0115
123.935 41.8593
122.626 41.5362
121.718 40.8197
124.727 39.8727
123.422 41.4185
123.354 41.0752
121.557 38.9203
122.497 39.9056
123.096 39.8395
125.899 41.0435
116 32.954
115.585 32.1043
114.818 30.763
117.17 33.455
116.547 32.0297
115.275 30.7383
116.293 30.4692
119.594 39.4547
122.473 37.148
121.147 38.8055
120.887 37.513
118.175 38.0628
118.569 38.3145
121.639 37.3635
119.2 37.2512
117.921 37.1228
118.084 33.927
118.525 35.4253
117.35 36.2525
117.951 35.807
117.881 35.427
117.088 34.9885
117.72 34.3683
121.427 36.9858
120.41 36.1855
124.061 42.6058
123.605 42.1077
123.216 41.6303
122.657 41.1842
122.028 40.6538
120.843 40.128
122.966 41.0328
121.783 39.1465
124.709 40.2463
116.12 33.642
115.166 31.3483
116.845 32.8625
117.385 33.0675
117.425 31.82
117.909 32.8353
119.914 39.26
120.344 37.7215
122.34 37.4693
118.595 38.6635
118.645 36.5682
117.708 35.158
121.108 39.937
122.323 40.3218
122.006 39.625
124.186 39.763
116.244 31.398
119.138 38.8138
120.928 37.9693
120.399 38.9585
119.521 37.9012
119.562 37.1958
119.041 38.4557
119.088 36.1593
118.165 33.474
118.37 34.2475
122.767 40.6695
119.827 38.295
118.649 35.1135
111.767 33.4792
112.832 32.8016
114.54 32.638
116.592 36.4588
118.267 39.68
117.579 40.4632
114.7 35.7097
115.496 36.9636
116.035 35.252
115.271 35.5012
116.188 36.6348
117.26 39.6392
118.653 39.3411
116.207 38.5527
116.834 38.1593
114.17 37.3713
114.008 35.9288
112.963 34.845
113.972 31.727
116.443 39.9651
117.419 37.7924
115.54 38.9365
114.672 37.1786
114.931 33.8686
116.507 39.0885
116.03 38.715
115.499 38.3265
114.841 37.704
116.486 37.7082
116.633 36.3875
113.885 35.725
115.778 34.9515
112.788 35.1457
112.93 34.7975
111.763 34.4025
112.065 34.2225
113.335 34.3875
114.961 34.0934
112.173 33.6767
114.644 33.3955
111.144 33.455
114.546 32.241
111.99 32.4768
112.951 34.1193
113.59 33.3713
114.24 32.9138
116.434 40.3833
119.047 40.1937
119.178 39.692
115.961 39.5667
115.573 39.085
114.574 38.081
118.518 39.29
117.791 38.7305
115.772 39.38
116.886 38.86
115.776 38.1673
114.516 36.8803
116.912 38.3945
113.897 36.5248
114.148 36.2175
114.998 36.15
115.013 35.4693
115.94 35.311
115.088 34.7975
116.1 35.6658
113.524 35.19
112.287 34.785
113.495 34.8125
113.998 34.165
110.579 33.9755
111.91 33.183
112.601 32.855
116.036 40.102
117.152 40.1658
116.606 39.6255
117.642 39.8953
116.953 39.4312
118.039 38.9267
116.343 38.528
116.182 36.7165
114.26 35.7328
115.433 35.605
116.189 40.2198
116.807 40.271
116.275 39.8267
117.376 39.6453
117.399 39.193
114.022 35.3165
115.216 35.1755
116.576 40.0667
118.72 39.8942
115.111 37.5513
114.374 36.4162
115.557 36.019
118.043 39.525
116.939 39.9102
115.111 39.4672
111.141 36.968
112.726 36.2913
115.381 40.7228
111.224 35.9427
112.707 40.0086
113.566 39.6999
113.675 37.9477
112.333 37.6519
109.698 34.7841
115.141 39.6538
113.255 40.4218
112.108 37.963
111.234 36.4977
111.167 37.3525
111.666 35.1445
113.218 36.3732
114.249 38.2437
109.431 34.948
113.748 37.5985
113.47 38.0507
114.838 40.797
114.467 41.129
108.357 34.5015
109.346 34.1687
109.773 34.0423
115.279 40.4718
111.276 35.6863
111.831 36.0787
111.823 36.8172
112.328 37.264
112.595 38.0293
107.553 34.4827
109.088 34.6003
110.812 34.6682
113.395 38.8528
114.121 39.4232
114.659 39.8905
113.995 40.5445
116.053 40.5687
110.474 35.5375
112.065 37.4365
112.911 38.496
107.558 34.271
109.114 34.2817
110.065 34.9525
110.736 34.9996
113.304 39.1605
113.005 39.5722
108.564 34.3038
114.314 40.2077
115.582 40.2993
111.692 36.4985
112.677 38.7353
108.646 34.084
111.515 36.091
109.726 34.5156
112.783 40.5571
110.631 40.4693
106.64 38.7258
105.346 40.7388
105.665 39.6729
107.878 40.823
110.739 40.3805
108.807 40.4475
107.864 40.5585
113.994 41.2014
111.677 40.4235
107.962 40.9335
108.853 40.89
107.003 40.6287
103.828 39.919
106.286 39.8882
106.016 38.9757
104.687 39.17
112.148 40.2425
111.735 40.8368
108.932 40.6225
109.837 40.9195
108.976 41.0885
105.694 39.9143
106.849 39.8638
106.164 39.3133
106.048 38.2212
112.945 40.7103
106.74 40.8108
105.689 38.915
111.146 40.7122
109.701 40.5528
107.91 41.2772
110.504 40.6062
106.507 38.8935
127.911 35.0785
125.946 39.1562
127.453 37.8542
127.492 39.335
127.533 36.8223
128.506 35.7293
126.331 39.1562
125.657 38.402
129.287 35.7925
126.759 37.566
127.975 36.1735
108.905 38.6617
107.515 38.487
109.3 39.7338
107.594 36.4986
108.893 37.2663
108.56 35.2672
110.833 37.9399
116.355 49.082
119.572 52.0393
125.244 52.5435
127.666 49.0382
122.318 48.2744
120.796 42.2837
119.313 40.7158
122 43.3045
124.681 44.4427
117.619 44.8423
118.882 43.519
113.591 45.423
111.852 41.6337
128.464 45.3797
125.676 43.647
134.886 46.994
132.11 48.1046
132.878 47.266
132.459 44.8185
129.983 42.1528
128.768 44.1406
127.106 42.4318
129.811 50.642
123.743 46.8607
125.417 47.0763
120.454 51.8735
117.669 48.9795
125.9 49.662
127.215 46.1857
122.438 53.5582
124.184 50.6387
130.176 48.2628
111.852 43.1745
121.899 51.158
120.025 48.6884
128.264 50.0955
121.023 43.8154
126.043 47.8867
124.849 46.6412
125.532 46.3423
123.629 45.924
126.151 44.5842
125.706 44.1873
124.226 44.66
122.364 43.108
123.258 44.2575
126.577 44.9005
119.63 42.3517
133.257 47.3678
132.212 45.911
132.672 45.7897
132.353 45.0075
130.954 44.9133
130.543 45.8413
130.205 44.8565
128.866 43.8375
125.69 43.078
127.039 42.3062
129.178 42.1575
127.743 41.5275
131.615 46.779
120.108 51.6063
114.985 43.9102
110.403 42.9715
124.274 50.2595
125.686 48.481
127.344 49.4755
122.557 48.1075
121.453 47.2
119.165 44.4855
124.877 48.6855
126.846 48.6515
130.327 48.75
127.639 48.5147
132.004 48.8755
124.253 47.8618
122.755 45.8185
126.176 46.0165
126.789 45.8205
124.246 45.5593
121.359 42.7418
127.024 45.1342
120.294 42.1723
120.638 41.8245
121.64 41.8335
122.314 42.4218
124.471 43.2095
126.799 43.5985
126.449 42.8406
121.433 53.1225
118.636 49.9012
125.133 43.7197
112.763 42.95
122.653 49.2283
123.277 48.4873
130.659 47.9725
123.685 46.9875
127.127 46.8325
125.506 44.8708
121.671 43.538
121.382 43.2405
117.405 48.9775
118.009 45.0845
116.346 44.4552
132.68 48.4393
131.063 47.6907
130.022 46.7725
127.997 45.0725
124.782 43.112
125.702 43.675
121.645 47.9363
119.878 43.8317
119.138 41.8068
128.913 43.1363
126.838 44.3237
129.838 41.4703
124.887 45.1
129.079 45.907
78.5356 35.3186
79.9563 37.3727
76.315 38.2921
78.7918 36.8018
74.1949 37.7581
70.5265 37.744
74.0908 39.0458
76.2405 38.926
80.2955 35.6103
79.7035 34.9955
80.9035 36.0162
77.7223 35.7833
70.513 38.3532
72.1565 39.1292
75.2862 39.5122
72.5845 38.3065
74.057 38.6395
75.3835 38.4008
75.9273 37.2602
73.9988 37.6882
76.0944 38.5678
76.627 37.7415
78.899 36.935
79.5538 36.382
76.7202 36.7218
74.0862 39.3422
78.6262 36.207
75.3487 39.0658
71.2982 37.1405
75.2978 37.635
74.2498 39.6186
104.627 36.2026
105.783 35.5057
104.37 35.4609
103.299 36.4615
102.603 35.936
104.053 30.3384
105.764 32.308
104.656 31.559
101.944 37.0378
102.794 32.9239
104.006 32.2873
105.317 32.567
105.811 33.1623
105.876 33.9248
104.284 34.9437
103.249 33.8756
103.722 34.2757
103.602 31.2233
101.853 30.7795
102.55 31.4861
105.849 35.7282
105.887 32.623
105.329 32.1998
103.986 31.0158
104.143 30.818
103.484 30.146
104.371 30.6242
103.733 29.845
106.495 33.0018
101.842 37.2744
102.237 36.0602
102.128 36.5202
102.421 35.6912
104.098 36.3447
104.836 35.052
106.226 34.7922
103.198 34.8002
102.942 34.2073
105.712 34.0838
105.721 33.7398
105.885 33.2795
102.987 31.5678
102.438 31.5142
105.18 32.4813
105.816 32.839
103.214 36.6
104.464 35.5553
103.728 35.4142
102.411 35.45
104.382 34.1295
106.48 34.486
104.39 33.6608
103.44 33.582
102.712 30.303
104.299 32.5776
103.652 33.0265
102.952 32.792
105.204 35.5123
103.734 35.936
105.293 35.1175
103.354 35.1835
104.855 34.829
104.799 33.0785
103.994 31.6017
103.62 32.151
105.365 34.2345
101.356 39.1878
98.6687 39.8243
100.28 38.7824
103.502 38.6157
101.846 38.1512
104.7 36.6623
100.849 37.8443
106.628 35.4016
98.1096 39.0334
97.8571 40.4543
106.748 36.3547
106.086 37.2873
104.988 37.2187
104.442 38.0952
97.9512 38.8536
105.794 37.313
105.046 37.1783
102.366 38.095
100.406 39.764
101.234 38.3095
99.963 38.7208
97.6423 40.269
102.91 38.3612
102.457 37.8455
101.292 38.7578
101.294 39.212
101.542 37.9338
98.281 39.2698
99.101 38.5547
96.6303 39.5743
97.5697 39.7537
97.6725 39.8798
98.1642 39.7687
97.828 40.0097
97.3893 40.2135
106.471 35.623
105.905 37.211
103.416 37.4297
104.475 37.1795
104.034 38.632
104.314 37.419
103.199 37.1898
106.29 35.49
101.643 38.8117
100.67 39.5085
101.3 37.7568
99.4394 38.1828
100.418 38.619
99.8185 39.1492
99.504 38.6866
98.769 39.3383
97.9012 39.1704
106.005 37.6633
106.33 36.6088
106.84 34.8105
98.9797 39.916
105.894 36.8382
97.1188 39.6718
105.257 37.3092
102.502 37.5457
105.241 36.5539
90.99 40.1742
85.2636 38.166
85.4752 37.3013
89.8683 38.5173
91.2623 36.6988
96.4671 38.8846
93.3846 38.1774
99.8504 37.343
99.478 37.0597
95.1687 39.661
97.3081 35.8913
100.539 35.045
92.3096 37.474
99.508 36.1016
95.8909 37.1946
87.9734 37.6913
94.7455 40.1263
82.3765 35.8925
85.3585 37.5927
90.4616 39.0609
89.0998 40.0252
94.232 41.5658
95.2685 41.2973
95.2532 36.785
96.09 36.3218
93.7475 36.711
90.803 37.1806
92.0582 36.2473
87.5196 37.607
95.2229 40.2302
88.925 38.4726
84.1628 37.7168
87.2346 38.8834
88.9196 39.3168
92.2015 40.4372
99.2185 37.8992
100.395 35.5442
95.6364 38.8322
92.7556 38.859
94.2957 38.4667
97.2615 38.8795
95.3083 37.6093
97.1723 37.533
94.714 37.2505
92.549 37.2832
91.0853 38.0003
98.2288 35.6968
97.1153 40.005
90.884 39.1883
88.2048 38.7015
86.3484 37.9372
91.5733 40.837
101.221 36.267
101.83 35.0232
100.777 34.8725
99.8497 36.6943
98.214 37.703
95.5263 37.809
96.7605 37.15
96.3905 36.9243
95.6955 35.9465
82.2868 35.8962
86.4183 37.616
89.71 38.4425
93.8994 39.3158
96.5012 39.9205
100.615 37.2832
99.7804 36.2478
99.145 36.0958
96.0683 39.4515
96.1562 38.846
95.4128 39.6597
84.746 37.0868
87.9875 38.03
91.5274 38.8466
91.9707 35.3371
97.3147 34.6007
101.337 34.1011
99.3216 33.6953
100.431 32.8569
95.5286 34.0461
91.341 35.818
97.0484 35.2984
84.3369 35.514
85.1721 36.557
88.0937 35.8936
88.0646 36.477
87.4787 36.5495
84.6132 36.31
85.0965 35.8807
87.8468 35.7858
87.5277 35.5833
89.1 36.1262
101.123 33.178
98.0892 34.7844
97.3405 34.5543
100.779 32.6732
96.008 34.6452
97.2237 33.4158
92.6395 35.3462
96.4982 35.0845
95.4505 34.396
89.6693 36.335
90.217 35.8355
101.947 34.0855
101.596 33.764
99.7868 34.0023
94.9315 35.6875
96.4508 35.6596
98.4105 35.1743
100.321 34.4676
99.2603 33.6513
92.3117 35.9177
102.994 25.5549
102.339 26.2087
101.483 24.9018
102.422 23.5433
101.455 24.313
101.485 26.2105
101.259 27.4654
100.484 26.2265
102.353 28.1796
102.623 28.3297
103.421 28.9083
103.613 27.2778
103.575 25.4079
102.524 24.0472
99.0224 32.1892
99.6179 29.5157
101.049 30.7412
99.3209 30.9537
101.575 29.0334
88.453 35.0263
91.1667 34.5537
93.9108 33.8773
95.5127 32.4621
96.3923 33.0273
89.8682 33.8417
92.5863 32.8334
99.5684 27.5717
100.378 28.3858
98.1157 30.8857
101.242 25.789
102.277 25.2695
102.719 26.1242
103.05 29.727
103.6 27.252
103.606 25.1462
103.184 23.6943
101.926 27.09
101.347 26.563
102.478 23.3585
101.497 24.1127
101.403 25.049
100.585 25.7185
101.925 26.3522
101.932 25.4245
102.622 24.6318
99.8982 31.885
101.462 29.3225
98.6523 31.5445
98.7278 31.0427
99.6392 30.0175
100.954 28.6635
99.0357 27.4233
101.822 28.399
88.592 34.9343
91.3253 34.516
95.4733 32.6685
92.4335 32.8025
91.909 33.1672
89.7703 33.9215
102.808 27.8367
99.4907 31.0851
101.31 27.3078
102.796 27.4362
103.503 28.9275
102.515 23.8877
100.484 25.3438
100.063 26.4973
99.904 31.5332
99.1227 30.1567
99.604 30.4252
98.8008 29.5335
99.2422 29.2618
100.337 29.7127
99.3333 28.1653
100.082 27.3286
100.902 27.3888
96.6755 33.079
97.656 32.5973
91.5147 35.04
89.507 35.413
92.9607 33.1285
91.1817 33.635
102.208 29.0393
102.481 28.98
102.711 28.3068
103.813 28.1412
102.964 24.3922
100.633 26.4125
103.046 25.2467
98.7212 32.0862
100.472 31.5
101.176 30.8972
101.907 30.0222
94.3425 34.1032
87.156 35.2477
102.142 28.2716
102.486 27.4637
103.033 26.4035
103.248 25.2345
102.536 24.2292
93.1843 24.2272
95.3144 24.7988
94.5366 20.7646
96.1989 28.7267
91.2522 25.1356
94.5156 26.7746
93.3393 28.3473
93.653 27.6304
90.0026 27.6652
89.2624 26.7883
86.4197 28.357
74.8047 32.4972
77.0696 33.3759
73.2009 35.2384
81.3774 30.1653
83.7317 27.8355
74.9427 36.2878
79.092 32.7906
92.8084 20.8006
96.0512 21.0804
96.6975 27.3275
96.4378 25.6642
96.2933 25.6562
97.1524 25.8744
76.0288 36.4668
77.2493 35.0835
80.2695 31.55
72.4135 35.0802
74.3764 35.535
77.3358 33.3577
83.2945 28.8775
87.4495 28.508
89.167 27.786
90.7788 28.1298
92.9946 27.1966
94.2702 28.0298
94.8108 27.867
96.5623 28.9705
95.239 26.897
96.6925 27.3278
96.4268 24.9275
96.017 20.707
96.4345 18.5523
94.2444 20.3503
95.933 22.1378
78.6095 33.7228
80.4763 30.2518
86.6 28.044
91.8815 27.8275
92.7818 28.081
94.1869 28.5766
77.9505 30.4248
79.994 29.3117
85.0545 27.4017
90.334 26.9486
93.3775 26.4623
93.7188 25.8032
93.4222 24.1285
95.506 26.2204
94.62 24.2012
96.886 26.1322
96.007 23.584
82.6052 28.232
95.1502 29.3502
74.081 33.873
91.392 25.9837
91.111 25.193
92.08 24.5617
92.3403 21.6635
93.8452 18.3053
76.3508 31.9468
87.3528 26.8033
95.9778 28.439
98.8273 21.7141
100.913 23.3375
100.031 24.4802
97.5171 25.8037
98.6457 25.4874
98.5901 24.4283
97.2037 20.4024
99.18 19.0425
102.931 22.4826
101.71 21.1113
100.452 21.4695
98.3393 21.8805
98.716 20.4193
100.354 25.145
100.863 23.8573
100.75 22.3705
102.28 20.16
103.434 22.2142
99.3657 25.7065
97.8812 25.0314
101.383 20.205
102.94 21.5125
103.305 20.655
103.499 21.4492
98.8085 25.6983
98.3648 25.538
97.9945 24.5682
99.3215 24.4837
98.304 23.0607
99.3712 22.2678
99.9262 22.0775
98.068 26.0558
97.2648 24.453
97.0207 22.2595
97.3525 18.6438
100.17 24.561
101.249 22.6487
98.7965 26.9278
98.068 27.4763
101.126 21.056
100.262 21.7482
96.7258 23.168
99.752 24.0123
98.2055 24.1403
98.4292 23.507
98.9005 22.6532
99.5588 21.4695
97.0433 20.8035
99.6618 23.1492
100.152 22.3287
94.648 30.9416
88.5941 31.9894
87.6402 32.9023
89.7217 32.7199
86.3358 32.2223
86.1492 34.2605
81.0457 33.8148
83.1333 32.9527
83.9928 33.71
81.0165 31.9765
80.3068 33.3282
82.3198 32.4514
82.5652 31.6024
84.7771 31.952
84.2788 31.0179
85.9319 30.639
82.7008 30.4117
85.8093 29.4372
88.1799 29.7859
87.3392 30.3483
88.9913 29.8091
90.7616 30.1951
93.6147 30.2914
94.2589 29.3364
92.293 28.9281
89.1004 31.2404
80.8725 34.5876
84.0471 34.9913
97.3151 29.443
97.6607 29.9167
93.7837 32.0227
91.915 31.576
86.5265 30.569
88.2632 30.2033
82.5594 30.531
86.068 29.5622
88.944 29.1617
90.7204 30.5699
94.1147 30.4247
97.264 29.0264
97.853 29.5677
96.6336 30.886
93.9725 31.0325
94.806 31.6323
91.959 31.2268
92.704 32.1508
93.833 32.3647
81.5842 34.7183
83.5415 34.9722
80.783 34.0495
82.2388 34.068
81.6425 33.5427
82.3116 33.016
84.0002 34.099
84.9253 33.0485
87.1015 33.2572
85.5643 32.3795
86.3528 32.0247
87.7882 32.3906
88.8065 33.3145
88.0355 31.993
89.9748 32.147
89.7225 32.8025
80.152 33.363
82.325 32.4776
93.0565 29.0865
91.343 29.295
83.9405 32.16
89.5443 31.3522
90.5293 31.1237
82.2565 31.5328
84.735 31.292
90.002 29.267
92.7085 30.79
95.0905 30.1105
91.9664 28.6928
98.351 29.5584
97.2512 31.0056
96.9954 30.0712
95.4318 30.829
95.417 31.9945
91.3945 32.1107
79.469 34.3573
85.0355 35.0548
85.6453 34.3302
85.8988 31.751
83.5415 31.2888
92.3055 29.4585
84.369 30.5648
87.854 29.178
94.2956 29.2826
88.213 31.2824
91.6285 30.8815
90.8908 30.3746
91.0575 31.3415
83.1545 38.6242
86.115 39.9783
84.1822 40.881
81.7657 39.9735
80.2186 39.2264
77.4446 38.8634
79.5291 38.2136
81.2523 38.1542
79.834 38.6965
79.1071 39.4264
82.4096 42.436
86.2076 42.7225
87.2889 42.2726
87.4598 41.412
79.9389 41.3853
80.3827 40.6605
92.0839 42.221
95.5496 42.2693
83.1881 41.8725
83.798 41.388
71.7701 39.8562
76.7845 40.2461
72.0068 41.4708
92.4454 41.6294
90.3432 41.165
89.9036 41.5097
83.0157 40.4567
89.2612 41.4275
90.0867 41.3945
92.9662 41.547
79.9122 38.719
79.0813 39.6292
90.2697 41.862
92.6268 41.736
91.601 41.5712
83.5892 42.741
84.497 42.7673
84.979 42.8747
88.8825 42.275
87.4352 42.279
78.4002 40.65
79.1988 40.9825
79.9235 41.2278
81.3903 41.8625
88.1193 41.6668
86.2825 41.757
87.1534 41.6524
87.471 41.2932
77.1166 39.566
68.603 38.6783
78.312 39.3135
90.2147 41.1593
76.5922 40.8045
82.185 42.324
83.0063 42.5897
83.8377 42.162
85.0553 42.4192
86.7082 42.0318
84.9082 42.1162
85.7675 41.94
76.3945 39.7137
78.2499 40.1599
79.8402 40.8582
82.0568 41.6892
83.745 41.9675
79.4783 41.6315
80.3597 41.5165
74.3555 40.6842
78.115 40.9928
87.009 42.5637
86.2885 42.3775
75.553 39.8923
82.6407 42.0408
70.892 39.4648
71.8837 39.3007
72.1677 42
71.227 40.0365
76.8362 40.3065
78.1573 43.2029
77.3881 42.0146
73.5648 42.5676
81.6623 43.2527
76.651 44.2398
74.7704 43.3212
82.523 42.8454
74.8243 43.465
78.1593 42.8335
81.7116 43.6386
79.1957 42.0033
72.8575 42.805
81.023 43.432
78.2053 42.3302
83.217 43.3735
76.1208 41.417
81.1096 43.0266
74.7575 42.7325
76.8525 42.8925
79.02 43.2475
77.648 43.3115
87.8462 44.6379
84.4374 44.6043
87.5153 46.0333
85.8633 45.6559
85.0877 45.5077
81.5299 44.4977
83.1518 47.1455
82.1207 45.3967
81.8617 46.561
80.88 47.3446
85.064 43.6007
87.6339 42.9823
90.023 42.9923
89.9864 43.3996
93.0508 43.228
92.4393 43.7616
94.5855 43.2726
85.3115 44.0317
88.1407 43.6472
85.5886 46.3041
80.7873 45.0323
78.7293 45.6913
90.2149 43.6471
92.692 42.743
83.5433 44.2426
79.9015 45.4565
79.0498 44.4708
82.1929 43.9779
86.4667 44.5413
86.3178 43.5316
88.2385 42.882
89.6183 42.9467
93.9205 43.535
94.398 43.1597
84.727 44.2335
86.2417 44.0302
88.1936 43.657
84.1 46.0295
83.823 45.367
84.9375 45.9175
85.9525 46.35
82.7245 45.2362
80.6753 45.034
80.8183 44.4973
82.2312 44.1748
79.369 44.6262
87.2197 43.83
87.7065 43.928
88.2363 43.3745
88.141 43.1645
87.2114 42.795
89.797 43.7012
94.5437 43.4942
83.6653 46.9062
85.6713 46.8905
83.449 46.2025
93.6015 43.1008
81.4115 45.8762
82.4857 45.1337
83.5932 44.2848
81.8412 44.529
81.0917 44.1337
88.6497 43.9292
87.3275 43.4995
85.0775 43.6242
87.25 42.9856
84.9647 43.4477
90.6547 43.6522
89.5675 43.2362
91.1508 43.3877
92.3958 43.5175
93.3907 43.466
86.075 43.7775
83.0268 43.8182
84.705 44.005
85.819 47.3545
90.0543 45.4469
90.065 50.8985
93.4868 48.0397
87.8649 48.9042
85.7032 48.431
102.926 43.3762
88.8525 47.3817
92.3227 45.4109
95.6319 45.7005
91.6526 48.1689
90.8372 46.7885
100.301 45.3414
93.2799 44.2223
97.0552 43.249
107.365 42.9447
97.0588 44.7107
104.924 44.0642
90.234 45.3555
90.0463 45.0215
105.051 42.4355
89.981 51.4682
88.2185 48.7972
92.6687 44.9895
88.8727 47.2597
91.4162 46.9693
94.0123 44.3965
89.7295 46.1282
95.5578 45.1223
98.349 44.7885
96.7848 44.3724
96.5796 43.361
95.9567 46.2485
90.6995 46.3265
91.935 46.1075
90.68 45.624
91.4898 44.7216
86.9008 48.2155
84.9785 48.2125
100.785 43.6772
104.688 43.391
91.401 50.6085
93.6438 45.589
89.8478 48.557
95.491 45.6012
92.666 47.8878
90.1497 49.757
88.0503 50.0183
89.8896 47.1306
91.9823 47.5665
100.216 45.0358
102.001 40.621
98.1676 41.1397
104.04 41.4413
100.531 41.8522
97.9454 42.1033
113.175 14.6579
112.904 7.70417
115.36 19.0945
119.512 15.8024
124.67 28.7818
126.527 29.1321
