 120.825 24.6546 1 
 118.573 21.7736 2 
 119.893 20.9528 3 
 121.132 23.99 4 
 120.625 22.5633 5 
 120.067 23.704 6 
 121.019 24.9913 7 
 117.814 21.5938 8 
 120.244 23.0097 9 
 121.748 24.923 10 
 120.651 23.0833 11 
 121.2 24.0428 12 
 119.118 22.5772 13 
 121.62 25.1788 14 
 121.007 24.6753 15 
 120.785 24.156 16 
 120.595 23.48 17 
 120.548 20.5232 18 
 121.999 24.0467 19 
 122.494 22.0226 20 
 122.595 24.635 21 
 121.502 22.7462 22 
 122.638 24.8725 23 
 122.384 24.1423 24 
 122.38 23.8267 25 
 121.395 23.4778 26 
 120.857 22.3323 27 
 120.589 20.487 28 
 122.526 24.3955 29 
 122.03 22.9225 30 
 122.532 22.9607 31 
 122.452 25.3067 32 
 108.537 31.1895 33 
 108.494 32.178 34 
 106.456 31.0897 35 
 113.73 29.3383 36 
 108.345 29.6682 37 
 106.076 27.7125 38 
 108.367 33.6275 39 
 111.622 27.5547 40 
 109.109 25.5862 41 
 110.343 32.6018 42 
 112.003 31.2755 43 
 104.289 29.354 44 
 105.932 31.7095 45 
 107.31 32.1005 46 
 106.78 30.0572 47 
 107.365 26.625 48 
 110.103 28.0607 49 
 111.237 24.9014 50 
 112.364 29.9796 51 
 108.999 28.7407 52 
 116.018 28.5874 53 
 105.364 30.2525 54 
 114.089 27.012 55 
 104.971 28.521 56 
 114.026 29.8917 57 
 115.071 28 58 
 111.585 30.4713 59 
 108.023 31.1704 60 
 106.522 28.6422 61 
 107.477 28.468 62 
 104.119 29.5473 63 
 105.077 28.2855 64 
 106.207 27.5573 65 
 110.353 29.104 66 
 108.986 28.3255 67 
 110.185 28.405 68 
 109.985 27.3225 69 
 108.886 26.424 70 
 108.138 25.545 71 
 111.073 27.5625 72 
 109.47 25.3245 73 
 108.925 24.5335 74 
 112.213 28.0993 75 
 111.462 27.323 76 
 110.907 26.467 77 
 110.425 25.5493 78 
 109.625 24.4057 79 
 109.923 24.058 80 
 112.714 27.7518 81 
 114.142 27.5913 82 
 113.459 27.193 83 
 112.669 26.949 84 
 112.843 25.6982 85 
 111.711 25.5458 86 
 111.267 24.381 87 
 109.697 32.9782 88 
 108.031 32.5294 89 
 109.7 31.711 90 
 108.743 31.883 91 
 112.046 31.7222 92 
 111.415 29.6108 93 
 112.527 30.779 94 
 113.392 30.5875 95 
 113.451 29.7677 96 
 112.826 28.928 97 
 112.689 28.386 98 
 112.049 28.8293 99 
 112.104 29.9575 100 
 114.489 30.0962 101 
 114.125 29.254 102 
 114.702 28.8015 103 
 115.46 29.4935 104 
 116.028 29.341 105 
 115.534 29.0635 106 
 115.676 28.5942 107 
 116.399 28.667 108 
 117.215 29.0987 109 
 106.992 30.3457 110 
 106.12 29.7058 111 
 106.937 29.4475 112 
 108.152 30.2327 113 
 109.6 30.4738 114 
 104.453 29.1898 115 
 106.778 28.483 116 
 105.458 27.9537 117 
 107.463 33.1412 118 
 111.053 31.8402 119 
 110.988 32.578 120 
 110.895 30.577 121 
 111.6 31.232 122 
 104.947 28.899 123 
 107.31 26.584 124 
 108.704 32.8443 125 
 110.653 32.0853 126 
 110.319 31.1273 127 
 107.307 29.217 128 
 108.733 29.6408 129 
 111.746 29.2922 130 
 109.819 32.3473 131 
 112.796 24.7085 132 
 116.247 24.283 133 
 120.853 28.1395 134 
 109.78 18.9223 135 
 108.014 21.0504 136 
 118.151 28.5905 137 
 119.576 28.3443 138 
 112.845 21.7467 139 
 115.116 24.2172 140 
 116.072 26.9 141 
 117.231 25.4072 142 
 121.977 27.9183 143 
 117.432 27.0458 144 
 116.466 26.0798 145 
 117.971 26.5434 146 
 115.062 23.1005 147 
 113.695 24.2882 148 
 110.936 22.3358 149 
 112.096 22.3644 150 
 113.681 22.6378 151 
 109.739 22.538 152 
 110.658 18.2313 153 
 107.74 17.8204 154 
 118.976 24.1249 155 
 114.848 20.5446 156 
 113.427 21.3387 157 
 116.096 21.8288 158 
 110.635 21.148 159 
 110.286 20.0452 160 
 117.563 24.1161 161 
 115.88 22.8347 162 
 119.11 25.889 163 
 112.491 22.36 164 
 112.462 21.7205 165 
 112.713 22.1845 166 
 113.095 21.9657 167 
 113.845 23.1225 168 
 114.36 23.065 169 
 114.307 23.381 170 
 115.078 24.0945 171 
 115.244 25.0368 172 
 115.74 24.265 173 
 115.978 24.5875 174 
 117.17 27.0035 175 
 117.307 25.9102 176 
 117.359 26.422 177 
 118.558 26.872 178 
 118.108 26.0217 179 
 117.379 24.999 180 
 116.796 24.438 181 
 115.686 23.4558 182 
 114.297 22.3517 183 
 117.091 25.5852 184 
 113.721 24.7725 185 
 112.885 23.67 186 
 114.463 24.7045 187 
 113.788 23.8248 188 
 111.754 23.6298 189 
 114.683 25.5775 190 
 108.598 18.7855 191 
 109.838 19.245 192 
 110.466 19.321 193 
 110.123 18.5793 194 
 119.357 28.487 195 
 120.763 29.3055 196 
 120.072 28.5237 197 
 119.393 27.6342 198 
 121.269 29.089 199 
 120.518 27.9447 200 
 122.041 28.3648 201 
 110.359 23.0922 202 
 110.764 22.973 203 
 110.836 22.4027 204 
 111.627 22.8 205 
 111.656 22.2125 206 
 111.556 21.5795 207 
 109.122 20.0812 208 
 109.173 19.7127 209 
 109.439 19.8027 210 
 109.909 19.7323 211 
 110.525 19.785 212 
 110.894 19.808 213 
 111.646 20.303 214 
 112.379 19.5892 215 
 115.812 22.9288 216 
 116.433 23.1867 217 
 118.312 22.8158 218 
 117.415 23.9054 219 
 118.213 25.1695 220 
 119.15 25.2222 221 
 119.54 25.8313 222 
 119.249 23.451 223 
 118.383 24.664 224 
 110.185 20.5632 225 
 107.903 21.6588 226 
 109.977 22.777 227 
 107.564 20.1642 228 
 108.883 21.416 229 
 110.298 22.5358 230 
 110.669 21.985 231 
 112.49 23.1175 232 
 116.265 26.11 233 
 118.372 26.5485 234 
 117.818 25.5055 235 
 116.128 23.8775 236 
 115.251 23.0718 237 
 114.664 22.8633 238 
 114.128 22.5727 239 
 114.84 22.6595 240 
 106.628 20.1555 241 
 108.085 18.7927 242 
 108.97 17.3215 243 
 107.23 18.6582 244 
 107.706 17.4335 245 
 110.523 18.2635 246 
 111.6 18.989 247 
 119.019 27.6597 248 
 121.056 26.9635 249 
 109.395 21.2045 250 
 111.057 21.1728 251 
 108.535 20.5662 252 
 109.91 20.5575 253 
 110.457 20.5757 254 
 110.764 19.647 255 
 112.681 21.006 256 
 113.395 21.3657 257 
 115.753 22.4838 258 
 116.358 21.918 259 
 116.903 21.736 260 
 117.885 23.1344 261 
 119.174 23.873 262 
 119.95 24.5838 263 
 118.641 24.8553 264 
 120.36 25.597 265 
 120.715 25.3762 266 
 108.918 22.2558 267 
 108.204 20.7937 268 
 109.659 22.0227 269 
 110.299 21.757 270 
 111.878 21.794 271 
 113.285 22.89 272 
 113.686 22.2225 273 
 114.574 23.7717 274 
 115.52 24.7075 275 
 115.787 25.4075 276 
 116.422 24.15 277 
 109.543 17.9008 278 
 110.228 21.185 279 
 109.377 20.4252 280 
 109.769 19.9495 281 
 110.322 19.678 282 
 110.755 20.125 283 
 115.018 22.4385 284 
 115.458 21.9468 285 
 116.268 22.3205 286 
 116.678 23.4093 287 
 116.946 23.6553 288 
 117.969 23.6135 289 
 118.009 24.3722 290 
 109.472 22.561 291 
 110.195 20.0175 292 
 110.475 20.135 293 
 110.654 19.873 294 
 113.037 19.9523 295 
 114.571 21.509 296 
 110.525 20.0025 297 
 114.298 20.1605 298 
 114.166 21.8625 299 
 117.261 22.4465 300 
 117.257 23.1598 301 
 119.476 24.7583 302 
 118.809 24.0263 303 
 105.924 23.1336 304 
 107.849 23.7206 305 
 104.41 25.9212 306 
 103.823 23.3073 307 
 105.185 21.4454 308 
 105.968 23.0615 309 
 106.787 21.9425 310 
 104.859 22.8703 311 
 104.757 24.87 312 
 107.218 25.0892 313 
 105.923 21.7822 314 
 105.806 25.5473 315 
 107.505 24.1875 316 
 108.176 24.291 317 
 109.343 23.331 318 
 105.463 24.6168 319 
 107.074 22.6993 320 
 106.144 23.4763 321 
 107.653 22.1235 322 
 103.838 24.3242 323 
 104.058 23.579 324 
 105.091 23.2865 325 
 105.326 26.069 326 
 104.473 26.8342 327 
 104.155 26.175 328 
 104.983 25.6687 329 
 108.775 23.1715 330 
 108.546 22.4485 331 
 105.511 21.1457 332 
 106.528 23.9555 333 
 108.051 22.8315 334 
 107.458 23.2892 335 
 104.002 22.3672 336 
 106.371 25.0237 337 
 123.009 31.6816 338 
 120.872 31.3098 339 
 118.466 30.0976 340 
 122.08 33.6292 341 
 124.416 36.4026 342 
 121.89 35.2594 343 
 121.725 36.1433 344 
 117.835 31.0337 345 
 119.339 33.8303 346 
 124.864 33.217 347 
 117.584 30.9838 348 
 116.691 30.4022 349 
 120.658 32.58 350 
 120.856 31.955 351 
 119.783 31.9375 352 
 120.48 31.299 353 
 120.189 31.1318 354 
 118.699 30.8983 355 
 122.02 30.8355 356 
 121.503 31.0192 357 
 120.349 30.3765 358 
 121.296 29.9702 359 
 120.19 33.59 360 
 118.574 33.2792 361 
 118.927 32.866 362 
 120.199 32.8228 363 
 118.907 32.1347 364 
 118.255 31.786 365 
 118.565 31.376 366 
 122.927 31.606 367 
 119.351 32.3852 368 
 121.118 31.4 369 
 119.362 31.5255 370 
 121.938 30.057 371 
 122.606 35.7017 372 
 120.144 35.383 373 
 120.654 34.9485 374 
 121.906 32.9215 375 
 122.216 32.6024 376 
 121.128 36.1358 377 
 122.822 35.218 378 
 121.554 35.8445 379 
 123.097 36.4513 380 
 122.325 36.6375 381 
 121.155 33.865 382 
 122.192 33.6875 383 
 122.666 32.033 384 
 121.43 33.365 385 
 120.864 36.477 386 
 120.145 36.8218 387 
 119.345 35.5432 388 
 118.503 37.7668 389 
 117.809 36.1105 390 
 116.627 33.0803 391 
 117.587 32.2742 392 
 122.288 39.8113 393 
 120.883 39.9268 394 
 126.109 40.9297 395 
 122.953 41.6336 396 
 124.793 41.239 397 
 123.796 41.7077 398 
 123.008 38.1126 399 
 120.801 37.7492 400 
 120.246 39.2134 401 
 121.245 38.552 402 
 117.004 34.7148 403 
 116.239 30.5292 404 
 124.598 39.7528 405 
 115.468 31.0829 406 
 123.5 38.8713 407 
 119.265 38.3606 408 
 122.567 37.3095 409 
 118.771 35.5916 410 
 120.88 36.5592 411 
 123.4 39.302 412 
 118.673 37.5738 413 
 117.948 36.49 414 
 118.342 36.09 415 
 117.025 35.7085 416 
 117.49 34.0673 417 
 116.56 34.5612 418 
 119.431 36.0115 419 
 123.935 41.8593 420 
 122.626 41.5362 421 
 121.718 40.8197 422 
 124.727 39.8727 423 
 123.422 41.4185 424 
 123.354 41.0752 425 
 121.557 38.9203 426 
 122.497 39.9056 427 
 123.096 39.8395 428 
 125.899 41.0435 429 
 116 32.954 430 
 115.585 32.1043 431 
 114.818 30.763 432 
 117.17 33.455 433 
 116.547 32.0297 434 
 115.275 30.7383 435 
 116.293 30.4692 436 
 119.594 39.4547 437 
 122.473 37.148 438 
 121.147 38.8055 439 
 120.887 37.513 440 
 118.175 38.0628 441 
 118.569 38.3145 442 
 121.639 37.3635 443 
 119.2 37.2512 444 
 117.921 37.1228 445 
 118.084 33.927 446 
 118.525 35.4253 447 
 117.35 36.2525 448 
 117.951 35.807 449 
 117.881 35.427 450 
 117.088 34.9885 451 
 117.72 34.3683 452 
 121.427 36.9858 453 
 120.41 36.1855 454 
 124.061 42.6058 455 
 123.605 42.1077 456 
 123.216 41.6303 457 
 122.657 41.1842 458 
 122.028 40.6538 459 
 120.843 40.128 460 
 122.966 41.0328 461 
 121.783 39.1465 462 
 124.709 40.2463 463 
 116.12 33.642 464 
 115.166 31.3483 465 
 116.845 32.8625 466 
 117.385 33.0675 467 
 117.425 31.82 468 
 117.909 32.8353 469 
 119.914 39.26 470 
 120.344 37.7215 471 
 122.34 37.4693 472 
 118.595 38.6635 473 
 118.645 36.5682 474 
 117.708 35.158 475 
 121.108 39.937 476 
 122.323 40.3218 477 
 122.006 39.625 478 
 124.186 39.763 479 
 116.244 31.398 480 
 119.138 38.8138 481 
 120.928 37.9693 482 
 120.399 38.9585 483 
 119.521 37.9012 484 
 119.562 37.1958 485 
 119.041 38.4557 486 
 119.088 36.1593 487 
 118.165 33.474 488 
 118.37 34.2475 489 
 122.767 40.6695 490 
 119.827 38.295 491 
 118.649 35.1135 492 
 111.767 33.4792 493 
 112.832 32.8016 494 
 114.54 32.638 495 
 116.592 36.4588 496 
 118.267 39.68 497 
 117.579 40.4632 498 
 114.7 35.7097 499 
 115.496 36.9636 500 
 116.035 35.252 501 
 115.271 35.5012 502 
 116.188 36.6348 503 
 117.26 39.6392 504 
 118.653 39.3411 505 
 116.207 38.5527 506 
 116.834 38.1593 507 
 114.17 37.3713 508 
 114.008 35.9288 509 
 112.963 34.845 510 
 113.972 31.727 511 
 116.443 39.9651 512 
 117.419 37.7924 513 
 115.54 38.9365 514 
 114.672 37.1786 515 
 114.931 33.8686 516 
 116.507 39.0885 517 
 116.03 38.715 518 
 115.499 38.3265 519 
 114.841 37.704 520 
 116.486 37.7082 521 
 116.633 36.3875 522 
 113.885 35.725 523 
 115.778 34.9515 524 
 112.788 35.1457 525 
 112.93 34.7975 526 
 111.763 34.4025 527 
 112.065 34.2225 528 
 113.335 34.3875 529 
 114.961 34.0934 530 
 112.173 33.6767 531 
 114.644 33.3955 532 
 111.144 33.455 533 
 114.546 32.241 534 
 111.99 32.4768 535 
 112.951 34.1193 536 
 113.59 33.3713 537 
 114.24 32.9138 538 
 116.434 40.3833 539 
 119.047 40.1937 540 
 119.178 39.692 541 
 115.961 39.5667 542 
 115.573 39.085 543 
 114.574 38.081 544 
 118.518 39.29 545 
 117.791 38.7305 546 
 115.772 39.38 547 
 116.886 38.86 548 
 115.776 38.1673 549 
 114.516 36.8803 550 
 116.912 38.3945 551 
 113.897 36.5248 552 
 114.148 36.2175 553 
 114.998 36.15 554 
 115.013 35.4693 555 
 115.94 35.311 556 
 115.088 34.7975 557 
 116.1 35.6658 558 
 113.524 35.19 559 
 112.287 34.785 560 
 113.495 34.8125 561 
 113.998 34.165 562 
 110.579 33.9755 563 
 111.91 33.183 564 
 112.601 32.855 565 
 116.036 40.102 566 
 117.152 40.1658 567 
 116.606 39.6255 568 
 117.642 39.8953 569 
 116.953 39.4312 570 
 118.039 38.9267 571 
 116.343 38.528 572 
 116.182 36.7165 573 
 114.26 35.7328 574 
 115.433 35.605 575 
 116.189 40.2198 576 
 116.807 40.271 577 
 116.275 39.8267 578 
 117.376 39.6453 579 
 117.399 39.193 580 
 114.022 35.3165 581 
 115.216 35.1755 582 
 116.576 40.0667 583 
 118.72 39.8942 584 
 115.111 37.5513 585 
 114.374 36.4162 586 
 115.557 36.019 587 
 118.043 39.525 588 
 116.939 39.9102 589 
 115.111 39.4672 590 
 111.141 36.968 591 
 112.726 36.2913 592 
 115.381 40.7228 593 
 111.224 35.9427 594 
 112.707 40.0086 595 
 113.566 39.6999 596 
 113.675 37.9477 597 
 112.333 37.6519 598 
 109.698 34.7841 599 
 115.141 39.6538 600 
 113.255 40.4218 601 
 112.108 37.963 602 
 111.234 36.4977 603 
 111.167 37.3525 604 
 111.666 35.1445 605 
 113.218 36.3732 606 
 114.249 38.2437 607 
 109.431 34.948 608 
 113.748 37.5985 609 
 113.47 38.0507 610 
 114.838 40.797 611 
 114.467 41.129 612 
 108.357 34.5015 613 
 109.346 34.1687 614 
 109.773 34.0423 615 
 115.279 40.4718 616 
 111.276 35.6863 617 
 111.831 36.0787 618 
 111.823 36.8172 619 
 112.328 37.264 620 
 112.595 38.0293 621 
 107.553 34.4827 622 
 109.088 34.6003 623 
 110.812 34.6682 624 
 113.395 38.8528 625 
 114.121 39.4232 626 
 114.659 39.8905 627 
 113.995 40.5445 628 
 116.053 40.5687 629 
 110.474 35.5375 630 
 112.065 37.4365 631 
 112.911 38.496 632 
 107.558 34.271 633 
 109.114 34.2817 634 
 110.065 34.9525 635 
 110.736 34.9996 636 
 113.304 39.1605 637 
 113.005 39.5722 638 
 108.564 34.3038 639 
 114.314 40.2077 640 
 115.582 40.2993 641 
 111.692 36.4985 642 
 112.677 38.7353 643 
 108.646 34.084 644 
 111.515 36.091 645 
 109.726 34.5156 646 
 112.783 40.5571 647 
 110.631 40.4693 648 
 106.64 38.7258 649 
 105.346 40.7388 650 
 105.665 39.6729 651 
 107.878 40.823 652 
 110.739 40.3805 653 
 108.807 40.4475 654 
 107.864 40.5585 655 
 113.994 41.2014 656 
 111.677 40.4235 657 
 107.962 40.9335 658 
 108.853 40.89 659 
 107.003 40.6287 660 
 103.828 39.919 661 
 106.286 39.8882 662 
 106.016 38.9757 663 
 104.687 39.17 664 
 112.148 40.2425 665 
 111.735 40.8368 666 
 108.932 40.6225 667 
 109.837 40.9195 668 
 108.976 41.0885 669 
 105.694 39.9143 670 
 106.849 39.8638 671 
 106.164 39.3133 672 
 106.048 38.2212 673 
 112.945 40.7103 674 
 106.74 40.8108 675 
 105.689 38.915 676 
 111.146 40.7122 677 
 109.701 40.5528 678 
 107.91 41.2772 679 
 110.504 40.6062 680 
 106.507 38.8935 681 
 127.911 35.0785 682 
 125.946 39.1562 683 
 127.453 37.8542 684 
 127.492 39.335 685 
 127.533 36.8223 686 
 128.506 35.7293 687 
 126.331 39.1562 688 
 125.657 38.402 689 
 129.287 35.7925 690 
 126.759 37.566 691 
 127.975 36.1735 692 
 108.905 38.6617 693 
 107.515 38.487 694 
 109.3 39.7338 695 
 107.594 36.4986 696 
 108.893 37.2663 697 
 108.56 35.2672 698 
 110.833 37.9399 699 
 116.355 49.082 700 
 119.572 52.0393 701 
 125.244 52.5435 702 
 127.666 49.0382 703 
 122.318 48.2744 704 
 120.796 42.2837 705 
 119.313 40.7158 706 
 122 43.3045 707 
 124.681 44.4427 708 
 117.619 44.8423 709 
 118.882 43.519 710 
 113.591 45.423 711 
 111.852 41.6337 712 
 128.464 45.3797 713 
 125.676 43.647 714 
 134.886 46.994 715 
 132.11 48.1046 716 
 132.878 47.266 717 
 132.459 44.8185 718 
 129.983 42.1528 719 
 128.768 44.1406 720 
 127.106 42.4318 721 
 129.811 50.642 722 
 123.743 46.8607 723 
 125.417 47.0763 724 
 120.454 51.8735 725 
 117.669 48.9795 726 
 125.9 49.662 727 
 127.215 46.1857 728 
 122.438 53.5582 729 
 124.184 50.6387 730 
 130.176 48.2628 731 
 111.852 43.1745 732 
 121.899 51.158 733 
 120.025 48.6884 734 
 128.264 50.0955 735 
 121.023 43.8154 736 
 126.043 47.8867 737 
 124.849 46.6412 738 
 125.532 46.3423 739 
 123.629 45.924 740 
 126.151 44.5842 741 
 125.706 44.1873 742 
 124.226 44.66 743 
 122.364 43.108 744 
 123.258 44.2575 745 
 126.577 44.9005 746 
 119.63 42.3517 747 
 133.257 47.3678 748 
 132.212 45.911 749 
 132.672 45.7897 750 
 132.353 45.0075 751 
 130.954 44.9133 752 
 130.543 45.8413 753 
 130.205 44.8565 754 
 128.866 43.8375 755 
 125.69 43.078 756 
 127.039 42.3062 757 
 129.178 42.1575 758 
 127.743 41.5275 759 
 131.615 46.779 760 
 120.108 51.6063 761 
 114.985 43.9102 762 
 110.403 42.9715 763 
 124.274 50.2595 764 
 125.686 48.481 765 
 127.344 49.4755 766 
 122.557 48.1075 767 
 121.453 47.2 768 
 119.165 44.4855 769 
 124.877 48.6855 770 
 126.846 48.6515 771 
 130.327 48.75 772 
 127.639 48.5147 773 
 132.004 48.8755 774 
 124.253 47.8618 775 
 122.755 45.8185 776 
 126.176 46.0165 777 
 126.789 45.8205 778 
 124.246 45.5593 779 
 121.359 42.7418 780 
 127.024 45.1342 781 
 120.294 42.1723 782 
 120.638 41.8245 783 
 121.64 41.8335 784 
 122.314 42.4218 785 
 124.471 43.2095 786 
 126.799 43.5985 787 
 126.449 42.8406 788 
 121.433 53.1225 789 
 118.636 49.9012 790 
 125.133 43.7197 791 
 112.763 42.95 792 
 122.653 49.2283 793 
 123.277 48.4873 794 
 130.659 47.9725 795 
 123.685 46.9875 796 
 127.127 46.8325 797 
 125.506 44.8708 798 
 121.671 43.538 799 
 121.382 43.2405 800 
 117.405 48.9775 801 
 118.009 45.0845 802 
 116.346 44.4552 803 
 132.68 48.4393 804 
 131.063 47.6907 805 
 130.022 46.7725 806 
 127.997 45.0725 807 
 124.782 43.112 808 
 125.702 43.675 809 
 121.645 47.9363 810 
 119.878 43.8317 811 
 119.138 41.8068 812 
 128.913 43.1363 813 
 126.838 44.3237 814 
 129.838 41.4703 815 
 124.887 45.1 816 
 129.079 45.907 817 
 78.5356 35.3186 818 
 79.9563 37.3727 819 
 76.315 38.2921 820 
 78.7918 36.8018 821 
 74.1949 37.7581 822 
 70.5265 37.744 823 
 74.0908 39.0458 824 
 76.2405 38.926 825 
 80.2955 35.6103 826 
 79.7035 34.9955 827 
 80.9035 36.0162 828 
 77.7223 35.7833 829 
 70.513 38.3532 830 
 72.1565 39.1292 831 
 75.2862 39.5122 832 
 72.5845 38.3065 833 
 74.057 38.6395 834 
 75.3835 38.4008 835 
 75.9273 37.2602 836 
 73.9988 37.6882 837 
 76.0944 38.5678 838 
 76.627 37.7415 839 
 78.899 36.935 840 
 79.5538 36.382 841 
 76.7202 36.7218 842 
 74.0862 39.3422 843 
 78.6262 36.207 844 
 75.3487 39.0658 845 
 71.2982 37.1405 846 
 75.2978 37.635 847 
 74.2498 39.6186 848 
 104.627 36.2026 849 
 105.783 35.5057 850 
 104.37 35.4609 851 
 103.299 36.4615 852 
 102.603 35.936 853 
 104.053 30.3384 854 
 105.764 32.308 855 
 104.656 31.559 856 
 101.944 37.0378 857 
 102.794 32.9239 858 
 104.006 32.2873 859 
 105.317 32.567 860 
 105.811 33.1623 861 
 105.876 33.9248 862 
 104.284 34.9437 863 
 103.249 33.8756 864 
 103.722 34.2757 865 
 103.602 31.2233 866 
 101.853 30.7795 867 
 102.55 31.4861 868 
 105.849 35.7282 869 
 105.887 32.623 870 
 105.329 32.1998 871 
 103.986 31.0158 872 
 104.143 30.818 873 
 103.484 30.146 874 
 104.371 30.6242 875 
 103.733 29.845 876 
 106.495 33.0018 877 
 101.842 37.2744 878 
 102.237 36.0602 879 
 102.128 36.5202 880 
 102.421 35.6912 881 
 104.098 36.3447 882 
 104.836 35.052 883 
 106.226 34.7922 884 
 103.198 34.8002 885 
 102.942 34.2073 886 
 105.712 34.0838 887 
 105.721 33.7398 888 
 105.885 33.2795 889 
 102.987 31.5678 890 
 102.438 31.5142 891 
 105.18 32.4813 892 
 105.816 32.839 893 
 103.214 36.6 894 
 104.464 35.5553 895 
 103.728 35.4142 896 
 102.411 35.45 897 
 104.382 34.1295 898 
 106.48 34.486 899 
 104.39 33.6608 900 
 103.44 33.582 901 
 102.712 30.303 902 
 104.299 32.5776 903 
 103.652 33.0265 904 
 102.952 32.792 905 
 105.204 35.5123 906 
 103.734 35.936 907 
 105.293 35.1175 908 
 103.354 35.1835 909 
 104.855 34.829 910 
 104.799 33.0785 911 
 103.994 31.6017 912 
 103.62 32.151 913 
 105.365 34.2345 914 
 101.356 39.1878 915 
 98.6687 39.8243 916 
 100.28 38.7824 917 
 103.502 38.6157 918 
 101.846 38.1512 919 
 104.7 36.6623 920 
 100.849 37.8443 921 
 106.628 35.4016 922 
 98.1096 39.0334 923 
 97.8571 40.4543 924 
 106.748 36.3547 925 
 106.086 37.2873 926 
 104.988 37.2187 927 
 104.442 38.0952 928 
 97.9512 38.8536 929 
 105.794 37.313 930 
 105.046 37.1783 931 
 102.366 38.095 932 
 100.406 39.764 933 
 101.234 38.3095 934 
 99.963 38.7208 935 
 97.6423 40.269 936 
 102.91 38.3612 937 
 102.457 37.8455 938 
 101.292 38.7578 939 
 101.294 39.212 940 
 101.542 37.9338 941 
 98.281 39.2698 942 
 99.101 38.5547 943 
 96.6303 39.5743 944 
 97.5697 39.7537 945 
 97.6725 39.8798 946 
 98.1642 39.7687 947 
 97.828 40.0097 948 
 97.3893 40.2135 949 
 106.471 35.623 950 
 105.905 37.211 951 
 103.416 37.4297 952 
 104.475 37.1795 953 
 104.034 38.632 954 
 104.314 37.419 955 
 103.199 37.1898 956 
 106.29 35.49 957 
 101.643 38.8117 958 
 100.67 39.5085 959 
 101.3 37.7568 960 
 99.4394 38.1828 961 
 100.418 38.619 962 
 99.8185 39.1492 963 
 99.504 38.6866 964 
 98.769 39.3383 965 
 97.9012 39.1704 966 
 106.005 37.6633 967 
 106.33 36.6088 968 
 106.84 34.8105 969 
 98.9797 39.916 970 
 105.894 36.8382 971 
 97.1188 39.6718 972 
 105.257 37.3092 973 
 102.502 37.5457 974 
 105.241 36.5539 975 
 90.99 40.1742 976 
 85.2636 38.166 977 
 85.4752 37.3013 978 
 89.8683 38.5173 979 
 91.2623 36.6988 980 
 96.4671 38.8846 981 
 93.3846 38.1774 982 
 99.8504 37.343 983 
 99.478 37.0597 984 
 95.1687 39.661 985 
 97.3081 35.8913 986 
 100.539 35.045 987 
 92.3096 37.474 988 
 99.508 36.1016 989 
 95.8909 37.1946 990 
 87.9734 37.6913 991 
 94.7455 40.1263 992 
 82.3765 35.8925 993 
 85.3585 37.5927 994 
 90.4616 39.0609 995 
 89.0998 40.0252 996 
 94.232 41.5658 997 
 95.2685 41.2973 998 
 95.2532 36.785 999 
 96.09 36.3218 1000 
 93.7475 36.711 1001 
 90.803 37.1806 1002 
 92.0582 36.2473 1003 
 87.5196 37.607 1004 
 95.2229 40.2302 1005 
 88.925 38.4726 1006 
 84.1628 37.7168 1007 
 87.2346 38.8834 1008 
 88.9196 39.3168 1009 
 92.2015 40.4372 1010 
 99.2185 37.8992 1011 
 100.395 35.5442 1012 
 95.6364 38.8322 1013 
 92.7556 38.859 1014 
 94.2957 38.4667 1015 
 97.2615 38.8795 1016 
 95.3083 37.6093 1017 
 97.1723 37.533 1018 
 94.714 37.2505 1019 
 92.549 37.2832 1020 
 91.0853 38.0003 1021 
 98.2288 35.6968 1022 
 97.1153 40.005 1023 
 90.884 39.1883 1024 
 88.2048 38.7015 1025 
 86.3484 37.9372 1026 
 91.5733 40.837 1027 
 101.221 36.267 1028 
 101.83 35.0232 1029 
 100.777 34.8725 1030 
 99.8497 36.6943 1031 
 98.214 37.703 1032 
 95.5263 37.809 1033 
 96.7605 37.15 1034 
 96.3905 36.9243 1035 
 95.6955 35.9465 1036 
 82.2868 35.8962 1037 
 86.4183 37.616 1038 
 89.71 38.4425 1039 
 93.8994 39.3158 1040 
 96.5012 39.9205 1041 
 100.615 37.2832 1042 
 99.7804 36.2478 1043 
 99.145 36.0958 1044 
 96.0683 39.4515 1045 
 96.1562 38.846 1046 
 95.4128 39.6597 1047 
 84.746 37.0868 1048 
 87.9875 38.03 1049 
 91.5274 38.8466 1050 
 91.9707 35.3371 1051 
 97.3147 34.6007 1052 
 101.337 34.1011 1053 
 99.3216 33.6953 1054 
 100.431 32.8569 1055 
 95.5286 34.0461 1056 
 91.341 35.818 1057 
 97.0484 35.2984 1058 
 84.3369 35.514 1059 
 85.1721 36.557 1060 
 88.0937 35.8936 1061 
 88.0646 36.477 1062 
 87.4787 36.5495 1063 
 84.6132 36.31 1064 
 85.0965 35.8807 1065 
 87.8468 35.7858 1066 
 87.5277 35.5833 1067 
 89.1 36.1262 1068 
 101.123 33.178 1069 
 98.0892 34.7844 1070 
 97.3405 34.5543 1071 
 100.779 32.6732 1072 
 96.008 34.6452 1073 
 97.2237 33.4158 1074 
 92.6395 35.3462 1075 
 96.4982 35.0845 1076 
 95.4505 34.396 1077 
 89.6693 36.335 1078 
 90.217 35.8355 1079 
 101.947 34.0855 1080 
 101.596 33.764 1081 
 99.7868 34.0023 1082 
 94.9315 35.6875 1083 
 96.4508 35.6596 1084 
 98.4105 35.1743 1085 
 100.321 34.4676 1086 
 99.2603 33.6513 1087 
 92.3117 35.9177 1088 
 102.994 25.5549 1089 
 102.339 26.2087 1090 
 101.483 24.9018 1091 
 102.422 23.5433 1092 
 101.455 24.313 1093 
 101.485 26.2105 1094 
 101.259 27.4654 1095 
 100.484 26.2265 1096 
 102.353 28.1796 1097 
 102.623 28.3297 1098 
 103.421 28.9083 1099 
 103.613 27.2778 1100 
 103.575 25.4079 1101 
 102.524 24.0472 1102 
 99.0224 32.1892 1103 
 99.6179 29.5157 1104 
 101.049 30.7412 1105 
 99.3209 30.9537 1106 
 101.575 29.0334 1107 
 88.453 35.0263 1108 
 91.1667 34.5537 1109 
 93.9108 33.8773 1110 
 95.5127 32.4621 1111 
 96.3923 33.0273 1112 
 89.8682 33.8417 1113 
 92.5863 32.8334 1114 
 99.5684 27.5717 1115 
 100.378 28.3858 1116 
 98.1157 30.8857 1117 
 101.242 25.789 1118 
 102.277 25.2695 1119 
 102.719 26.1242 1120 
 103.05 29.727 1121 
 103.6 27.252 1122 
 103.606 25.1462 1123 
 103.184 23.6943 1124 
 101.926 27.09 1125 
 101.347 26.563 1126 
 102.478 23.3585 1127 
 101.497 24.1127 1128 
 101.403 25.049 1129 
 100.585 25.7185 1130 
 101.925 26.3522 1131 
 101.932 25.4245 1132 
 102.622 24.6318 1133 
 99.8982 31.885 1134 
 101.462 29.3225 1135 
 98.6523 31.5445 1136 
 98.7278 31.0427 1137 
 99.6392 30.0175 1138 
 100.954 28.6635 1139 
 99.0357 27.4233 1140 
 101.822 28.399 1141 
 88.592 34.9343 1142 
 91.3253 34.516 1143 
 95.4733 32.6685 1144 
 92.4335 32.8025 1145 
 91.909 33.1672 1146 
 89.7703 33.9215 1147 
 102.808 27.8367 1148 
 99.4907 31.0851 1149 
 101.31 27.3078 1150 
 102.796 27.4362 1151 
 103.503 28.9275 1152 
 102.515 23.8877 1153 
 100.484 25.3438 1154 
 100.063 26.4973 1155 
 99.904 31.5332 1156 
 99.1227 30.1567 1157 
 99.604 30.4252 1158 
 98.8008 29.5335 1159 
 99.2422 29.2618 1160 
 100.337 29.7127 1161 
 99.3333 28.1653 1162 
 100.082 27.3286 1163 
 100.902 27.3888 1164 
 96.6755 33.079 1165 
 97.656 32.5973 1166 
 91.5147 35.04 1167 
 89.507 35.413 1168 
 92.9607 33.1285 1169 
 91.1817 33.635 1170 
 102.208 29.0393 1171 
 102.481 28.98 1172 
 102.711 28.3068 1173 
 103.813 28.1412 1174 
 102.964 24.3922 1175 
 100.633 26.4125 1176 
 103.046 25.2467 1177 
 98.7212 32.0862 1178 
 100.472 31.5 1179 
 101.176 30.8972 1180 
 101.907 30.0222 1181 
 94.3425 34.1032 1182 
 87.156 35.2477 1183 
 102.142 28.2716 1184 
 102.486 27.4637 1185 
 103.033 26.4035 1186 
 103.248 25.2345 1187 
 102.536 24.2292 1188 
 93.1843 24.2272 1189 
 95.3144 24.7988 1190 
 94.5366 20.7646 1191 
 96.1989 28.7267 1192 
 91.2522 25.1356 1193 
 94.5156 26.7746 1194 
 93.3393 28.3473 1195 
 93.653 27.6304 1196 
 90.0026 27.6652 1197 
 89.2624 26.7883 1198 
 86.4197 28.357 1199 
 74.8047 32.4972 1200 
 77.0696 33.3759 1201 
 73.2009 35.2384 1202 
 81.3774 30.1653 1203 
 83.7317 27.8355 1204 
 74.9427 36.2878 1205 
 79.092 32.7906 1206 
 92.8084 20.8006 1207 
 96.0512 21.0804 1208 
 96.6975 27.3275 1209 
 96.4378 25.6642 1210 
 96.2933 25.6562 1211 
 97.1524 25.8744 1212 
 76.0288 36.4668 1213 
 77.2493 35.0835 1214 
 80.2695 31.55 1215 
 72.4135 35.0802 1216 
 74.3764 35.535 1217 
 77.3358 33.3577 1218 
 83.2945 28.8775 1219 
 87.4495 28.508 1220 
 89.167 27.786 1221 
 90.7788 28.1298 1222 
 92.9946 27.1966 1223 
 94.2702 28.0298 1224 
 94.8108 27.867 1225 
 96.5623 28.9705 1226 
 95.239 26.897 1227 
 96.6925 27.3278 1228 
 96.4268 24.9275 1229 
 96.017 20.707 1230 
 96.4345 18.5523 1231 
 94.2444 20.3503 1232 
 95.933 22.1378 1233 
 78.6095 33.7228 1234 
 80.4763 30.2518 1235 
 86.6 28.044 1236 
 91.8815 27.8275 1237 
 92.7818 28.081 1238 
 94.1869 28.5766 1239 
 77.9505 30.4248 1240 
 79.994 29.3117 1241 
 85.0545 27.4017 1242 
 90.334 26.9486 1243 
 93.3775 26.4623 1244 
 93.7188 25.8032 1245 
 93.4222 24.1285 1246 
 95.506 26.2204 1247 
 94.62 24.2012 1248 
 96.886 26.1322 1249 
 96.007 23.584 1250 
 82.6052 28.232 1251 
 95.1502 29.3502 1252 
 74.081 33.873 1253 
 91.392 25.9837 1254 
 91.111 25.193 1255 
 92.08 24.5617 1256 
 92.3403 21.6635 1257 
 93.8452 18.3053 1258 
 76.3508 31.9468 1259 
 87.3528 26.8033 1260 
 95.9778 28.439 1261 
 98.8273 21.7141 1262 
 100.913 23.3375 1263 
 100.031 24.4802 1264 
 97.5171 25.8037 1265 
 98.6457 25.4874 1266 
 98.5901 24.4283 1267 
 97.2037 20.4024 1268 
 99.18 19.0425 1269 
 102.931 22.4826 1270 
 101.71 21.1113 1271 
 100.452 21.4695 1272 
 98.3393 21.8805 1273 
 98.716 20.4193 1274 
 100.354 25.145 1275 
 100.863 23.8573 1276 
 100.75 22.3705 1277 
 102.28 20.16 1278 
 103.434 22.2142 1279 
 99.3657 25.7065 1280 
 97.8812 25.0314 1281 
 101.383 20.205 1282 
 102.94 21.5125 1283 
 103.305 20.655 1284 
 103.499 21.4492 1285 
 98.8085 25.6983 1286 
 98.3648 25.538 1287 
 97.9945 24.5682 1288 
 99.3215 24.4837 1289 
 98.304 23.0607 1290 
 99.3712 22.2678 1291 
 99.9262 22.0775 1292 
 98.068 26.0558 1293 
 97.2648 24.453 1294 
 97.0207 22.2595 1295 
 97.3525 18.6438 1296 
 100.17 24.561 1297 
 101.249 22.6487 1298 
 98.7965 26.9278 1299 
 98.068 27.4763 1300 
 101.126 21.056 1301 
 100.262 21.7482 1302 
 96.7258 23.168 1303 
 99.752 24.0123 1304 
 98.2055 24.1403 1305 
 98.4292 23.507 1306 
 98.9005 22.6532 1307 
 99.5588 21.4695 1308 
 97.0433 20.8035 1309 
 99.6618 23.1492 1310 
 100.152 22.3287 1311 
 94.648 30.9416 1312 
 88.5941 31.9894 1313 
 87.6402 32.9023 1314 
 89.7217 32.7199 1315 
 86.3358 32.2223 1316 
 86.1492 34.2605 1317 
 81.0457 33.8148 1318 
 83.1333 32.9527 1319 
 83.9928 33.71 1320 
 81.0165 31.9765 1321 
 80.3068 33.3282 1322 
 82.3198 32.4514 1323 
 82.5652 31.6024 1324 
 84.7771 31.952 1325 
 84.2788 31.0179 1326 
 85.9319 30.639 1327 
 82.7008 30.4117 1328 
 85.8093 29.4372 1329 
 88.1799 29.7859 1330 
 87.3392 30.3483 1331 
 88.9913 29.8091 1332 
 90.7616 30.1951 1333 
 93.6147 30.2914 1334 
 94.2589 29.3364 1335 
 92.293 28.9281 1336 
 89.1004 31.2404 1337 
 80.8725 34.5876 1338 
 84.0471 34.9913 1339 
 97.3151 29.443 1340 
 97.6607 29.9167 1341 
 93.7837 32.0227 1342 
 91.915 31.576 1343 
 86.5265 30.569 1344 
 88.2632 30.2033 1345 
 82.5594 30.531 1346 
 86.068 29.5622 1347 
 88.944 29.1617 1348 
 90.7204 30.5699 1349 
 94.1147 30.4247 1350 
 97.264 29.0264 1351 
 97.853 29.5677 1352 
 96.6336 30.886 1353 
 93.9725 31.0325 1354 
 94.806 31.6323 1355 
 91.959 31.2268 1356 
 92.704 32.1508 1357 
 93.833 32.3647 1358 
 81.5842 34.7183 1359 
 83.5415 34.9722 1360 
 80.783 34.0495 1361 
 82.2388 34.068 1362 
 81.6425 33.5427 1363 
 82.3116 33.016 1364 
 84.0002 34.099 1365 
 84.9253 33.0485 1366 
 87.1015 33.2572 1367 
 85.5643 32.3795 1368 
 86.3528 32.0247 1369 
 87.7882 32.3906 1370 
 88.8065 33.3145 1371 
 88.0355 31.993 1372 
 89.9748 32.147 1373 
 89.7225 32.8025 1374 
 80.152 33.363 1375 
 82.325 32.4776 1376 
 93.0565 29.0865 1377 
 91.343 29.295 1378 
 83.9405 32.16 1379 
 89.5443 31.3522 1380 
 90.5293 31.1237 1381 
 82.2565 31.5328 1382 
 84.735 31.292 1383 
 90.002 29.267 1384 
 92.7085 30.79 1385 
 95.0905 30.1105 1386 
 91.9664 28.6928 1387 
 98.351 29.5584 1388 
 97.2512 31.0056 1389 
 96.9954 30.0712 1390 
 95.4318 30.829 1391 
 95.417 31.9945 1392 
 91.3945 32.1107 1393 
 79.469 34.3573 1394 
 85.0355 35.0548 1395 
 85.6453 34.3302 1396 
 85.8988 31.751 1397 
 83.5415 31.2888 1398 
 92.3055 29.4585 1399 
 84.369 30.5648 1400 
 87.854 29.178 1401 
 94.2956 29.2826 1402 
 88.213 31.2824 1403 
 91.6285 30.8815 1404 
 90.8908 30.3746 1405 
 91.0575 31.3415 1406 
 83.1545 38.6242 1407 
 86.115 39.9783 1408 
 84.1822 40.881 1409 
 81.7657 39.9735 1410 
 80.2186 39.2264 1411 
 77.4446 38.8634 1412 
 79.5291 38.2136 1413 
 81.2523 38.1542 1414 
 79.834 38.6965 1415 
 79.1071 39.4264 1416 
 82.4096 42.436 1417 
 86.2076 42.7225 1418 
 87.2889 42.2726 1419 
 87.4598 41.412 1420 
 79.9389 41.3853 1421 
 80.3827 40.6605 1422 
 92.0839 42.221 1423 
 95.5496 42.2693 1424 
 83.1881 41.8725 1425 
 83.798 41.388 1426 
 71.7701 39.8562 1427 
 76.7845 40.2461 1428 
 72.0068 41.4708 1429 
 92.4454 41.6294 1430 
 90.3432 41.165 1431 
 89.9036 41.5097 1432 
 83.0157 40.4567 1433 
 89.2612 41.4275 1434 
 90.0867 41.3945 1435 
 92.9662 41.547 1436 
 79.9122 38.719 1437 
 79.0813 39.6292 1438 
 90.2697 41.862 1439 
 92.6268 41.736 1440 
 91.601 41.5712 1441 
 83.5892 42.741 1442 
 84.497 42.7673 1443 
 84.979 42.8747 1444 
 88.8825 42.275 1445 
 87.4352 42.279 1446 
 78.4002 40.65 1447 
 79.1988 40.9825 1448 
 79.9235 41.2278 1449 
 81.3903 41.8625 1450 
 88.1193 41.6668 1451 
 86.2825 41.757 1452 
 87.1534 41.6524 1453 
 87.471 41.2932 1454 
 77.1166 39.566 1455 
 68.603 38.6783 1456 
 78.312 39.3135 1457 
 90.2147 41.1593 1458 
 76.5922 40.8045 1459 
 82.185 42.324 1460 
 83.0063 42.5897 1461 
 83.8377 42.162 1462 
 85.0553 42.4192 1463 
 86.7082 42.0318 1464 
 84.9082 42.1162 1465 
 85.7675 41.94 1466 
 76.3945 39.7137 1467 
 78.2499 40.1599 1468 
 79.8402 40.8582 1469 
 82.0568 41.6892 1470 
 83.745 41.9675 1471 
 79.4783 41.6315 1472 
 80.3597 41.5165 1473 
 74.3555 40.6842 1474 
 78.115 40.9928 1475 
 87.009 42.5637 1476 
 86.2885 42.3775 1477 
 75.553 39.8923 1478 
 82.6407 42.0408 1479 
 70.892 39.4648 1480 
 71.8837 39.3007 1481 
 72.1677 42 1482 
 71.227 40.0365 1483 
 76.8362 40.3065 1484 
 78.1573 43.2029 1485 
 77.3881 42.0146 1486 
 73.5648 42.5676 1487 
 81.6623 43.2527 1488 
 76.651 44.2398 1489 
 74.7704 43.3212 1490 
 82.523 42.8454 1491 
 74.8243 43.465 1492 
 78.1593 42.8335 1493 
 81.7116 43.6386 1494 
 79.1957 42.0033 1495 
 72.8575 42.805 1496 
 81.023 43.432 1497 
 78.2053 42.3302 1498 
 83.217 43.3735 1499 
 76.1208 41.417 1500 
 81.1096 43.0266 1501 
 74.7575 42.7325 1502 
 76.8525 42.8925 1503 
 79.02 43.2475 1504 
 77.648 43.3115 1505 
 87.8462 44.6379 1506 
 84.4374 44.6043 1507 
 87.5153 46.0333 1508 
 85.8633 45.6559 1509 
 85.0877 45.5077 1510 
 81.5299 44.4977 1511 
 83.1518 47.1455 1512 
 82.1207 45.3967 1513 
 81.8617 46.561 1514 
 80.88 47.3446 1515 
 85.064 43.6007 1516 
 87.6339 42.9823 1517 
 90.023 42.9923 1518 
 89.9864 43.3996 1519 
 93.0508 43.228 1520 
 92.4393 43.7616 1521 
 94.5855 43.2726 1522 
 85.3115 44.0317 1523 
 88.1407 43.6472 1524 
 85.5886 46.3041 1525 
 80.7873 45.0323 1526 
 78.7293 45.6913 1527 
 90.2149 43.6471 1528 
 92.692 42.743 1529 
 83.5433 44.2426 1530 
 79.9015 45.4565 1531 
 79.0498 44.4708 1532 
 82.1929 43.9779 1533 
 86.4667 44.5413 1534 
 86.3178 43.5316 1535 
 88.2385 42.882 1536 
 89.6183 42.9467 1537 
 93.9205 43.535 1538 
 94.398 43.1597 1539 
 84.727 44.2335 1540 
 86.2417 44.0302 1541 
 88.1936 43.657 1542 
 84.1 46.0295 1543 
 83.823 45.367 1544 
 84.9375 45.9175 1545 
 85.9525 46.35 1546 
 82.7245 45.2362 1547 
 80.6753 45.034 1548 
 80.8183 44.4973 1549 
 82.2312 44.1748 1550 
 79.369 44.6262 1551 
 87.2197 43.83 1552 
 87.7065 43.928 1553 
 88.2363 43.3745 1554 
 88.141 43.1645 1555 
 87.2114 42.795 1556 
 89.797 43.7012 1557 
 94.5437 43.4942 1558 
 83.6653 46.9062 1559 
 85.6713 46.8905 1560 
 83.449 46.2025 1561 
 93.6015 43.1008 1562 
 81.4115 45.8762 1563 
 82.4857 45.1337 1564 
 83.5932 44.2848 1565 
 81.8412 44.529 1566 
 81.0917 44.1337 1567 
 88.6497 43.9292 1568 
 87.3275 43.4995 1569 
 85.0775 43.6242 1570 
 87.25 42.9856 1571 
 84.9647 43.4477 1572 
 90.6547 43.6522 1573 
 89.5675 43.2362 1574 
 91.1508 43.3877 1575 
 92.3958 43.5175 1576 
 93.3907 43.466 1577 
 86.075 43.7775 1578 
 83.0268 43.8182 1579 
 84.705 44.005 1580 
 85.819 47.3545 1581 
 90.0543 45.4469 1582 
 90.065 50.8985 1583 
 93.4868 48.0397 1584 
 87.8649 48.9042 1585 
 85.7032 48.431 1586 
 102.926 43.3762 1587 
 88.8525 47.3817 1588 
 92.3227 45.4109 1589 
 95.6319 45.7005 1590 
 91.6526 48.1689 1591 
 90.8372 46.7885 1592 
 100.301 45.3414 1593 
 93.2799 44.2223 1594 
 97.0552 43.249 1595 
 107.365 42.9447 1596 
 97.0588 44.7107 1597 
 104.924 44.0642 1598 
 90.234 45.3555 1599 
 90.0463 45.0215 1600 
 105.051 42.4355 1601 
 89.981 51.4682 1602 
 88.2185 48.7972 1603 
 92.6687 44.9895 1604 
 88.8727 47.2597 1605 
 91.4162 46.9693 1606 
 94.0123 44.3965 1607 
 89.7295 46.1282 1608 
 95.5578 45.1223 1609 
 98.349 44.7885 1610 
 96.7848 44.3724 1611 
 96.5796 43.361 1612 
 95.9567 46.2485 1613 
 90.6995 46.3265 1614 
 91.935 46.1075 1615 
 90.68 45.624 1616 
 91.4898 44.7216 1617 
 86.9008 48.2155 1618 
 84.9785 48.2125 1619 
 100.785 43.6772 1620 
 104.688 43.391 1621 
 91.401 50.6085 1622 
 93.6438 45.589 1623 
 89.8478 48.557 1624 
 95.491 45.6012 1625 
 92.666 47.8878 1626 
 90.1497 49.757 1627 
 88.0503 50.0183 1628 
 89.8896 47.1306 1629 
 91.9823 47.5665 1630 
 100.216 45.0358 1631 
 102.001 40.621 1632 
 98.1676 41.1397 1633 
 104.04 41.4413 1634 
 100.531 41.8522 1635 
 97.9454 42.1033 1636 
 113.175 14.6579 1637 
 112.904 7.70417 1638 
 115.36 19.0945 1639 
 119.512 15.8024 1640 
 124.67 28.7818 1641 
 126.527 29.1321 1642 
